The odd degree vertices in G: { O = { 3 4 5 7 14 15 }

Results of Floyd-Warshall on O:
     |    3   4   5   7  14  15
--- -+- --- --- --- --- --- ---
  3  |    0   2   2   2   3   3
  4  |    2   0   1   3   4   4
  5  |    2   1   0   2   1   1
  7  |    2   3   2   0   1   1
 14  |    3   4   3   1   0   1
 15  |    3   4   3   1   1   0

The greedy perfect matching in O: M = { (4,5) (7,14) (3,15) }

The Euler circuit in G with virtual edges is:
	(1,3)
	(3,6)
	(6,7)
	(7,15)
	(15,14)
	(14,7)
	(7,14)
	(14,13)
	(13,7)
	(7,15)
	(15,8)
	(8,7)
	(7,6)
	(6,12)
	(12,11)
	(11,5)
	(5,10)
	(10,6)
	(6,9)
	(9,4)
	(4,5)
	(5,4)
	(4,2)
	(2,5)
	(5,6)
	(6,3)
	(3,2)
	(2,1)
